WGS84 UTM 10N
604952 5325503
-137.36580502102152 106.18555861432105 645.4328
-7.925333221908659 108.38965865317732 645.5959
94.84580486931372 -24.563569540157914 526.7098
154.59378218022175 218.38349652849138 645.3793
195.45519251190126 -407.4290595827624 529.5605
174.00378270389047 -128.2118085892871 525.5522
-195.60643954470288 319.0421658856794 644.4963
-28.3622758948477 -196.3654094291851 527.5509
139.58812483446673 110.98018682934344 645.55
-121.6202376820147 -28.90094547253102 527.9113
41.33976826700382 377.35336436796933 643.3556
-179.6941490137251 -157.67133434209973 526.13
-235.93840323167387 51.51566804293543 531.8853
-242.13889072532766 -72.96224813908339 526.5733
40.70805433404166 -25.644204568117857 527.1194
-90.35802343045361 96.19607786182314 530.3743
118.60787321149837 -323.1714930348098 529.4535
289.85717656754423 -276.6380998445675 529.7574
-212.50198710523546 212.14269394706935 645.2569
-113.4747100113891 138.23975773248821 529.8841
67.18034590629395 -409.58455134928226 528.9497
-142.22440536879003 -156.98027024883777 525.8738
-10.582610517274588 -154.50383043196052 525.17
-241.39465567481238 136.03955965861678 530.7393
-140.824961921433 160.0558452308178 645.8537
119.12187321460806 57.91537339519709 645.7829
-166.9372992204735 -113.99916400760412 527.2271
117.32446590752807 164.9597959574312 646.0324
-148.08042331319302 -113.64837560988963 527.2644
133.68861517542973 -108.55792808160186 525.9029
-241.98932991654146 -93.47938195057213 526.6715
-174.47661579889245 105.45692373532802 645.4797
285.34268293809146 -297.1511056860909 529.5479
138.63916103052907 218.20404111221433 645.2609
227.99893062841147 -191.91211777646095 527.8483
4.512226188206114 -26.400116029195487 527.3383
84.75495651457459 -323.88403327204287 529.5402
63.042308452539146 -194.81628658715636 527.886
-0.06874515651725233 56.34030156210065 530.5592
-90.58112083328888 54.49749126005918 530.9543
45.77752069325652 -68.0294135902077 525.3484
-110.55107865552418 -112.98123787995428 527.2868
137.2986572519876 325.0258601959795 643.9362
27.754291359568015 -68.2997719347477 525.3518
-205.07285135088023 136.58979747630656 530.1503
136.55417512450367 -193.49552097544074 527.7935
277.4930959936464 -320.5322149153799 529.5692
282.72113308659755 -190.88365209568292 527.5838
-50.014073714846745 268.8919181097299 645.3302
97.63073521363549 271.83301523607224 645.4859
97.06803040625528 -365.2937896186486 530.8435
-64.87527575960848 214.65451759658754 645.4638
-44.52193174371496 -196.84001073148102 527.6591
300.5943910070928 -210.99598938133568 527.8882
49.00494393298868 -409.63246225658804 528.9159
-161.08715972467326 -157.31848745141178 526.0484
23.619030789122917 270.38076219987124 645.4411
101.38142081082333 217.66683054249734 645.2873
-17.062545308843255 97.48926875833422 529.9764
158.88962280435953 -407.7818295918405 529.2085
-161.90362575126346 373.2683846531436 641.8746
-235.92972784629092 -158.42874126136303 526.6025
75.16252750298008 -280.48074524849653 530.529
155.5050498509081 -322.6224259035662 529.3096
78.8457133815391 -365.59704703092575 530.8532
145.33555260126013 59.32149422354996 529.862
126.89047027612105 58.93227002955973 529.9261
82.74522832222283 -152.76275556720793 524.8172
-188.2223078351235 -72.18741392716765 526.3564
-14.104364918544888 -282.1256814254448 530.2295
-139.36337769799866 52.81725191138685 645.7263
-45.08989206328988 107.75639327149838 645.6023
-102.24440331291407 321.31369808129966 643.8874
-59.00340990663972 139.34553440660238 530.0663
-36.337807086412795 55.61686102580279 530.7355
-35.54175422852859 97.18551688548177 530.1947
155.95177510520443 58.611255483701825 645.6694
134.4667374524288 272.58385863527656 645.4767
-176.12112356023863 -29.978264005854726 528.1507
26.593328424030915 -195.49098813999444 527.9184
137.88390022842214 -322.9442908540368 529.3585
8.282243998371996 -195.87559075187892 527.8362
37.755071857827716 -239.2033942276612 528.5349
243.12142691295594 -235.24143761210144 527.4596
-175.83811577607412 212.69570520613343 645.3077
-232.51562402152922 318.560597977601 644.6449
13.796494340873323 140.69891315884888 529.9315
-213.24987714516465 51.38177146669477 645.7571
211.70901166810654 -407.1235411418602 529.6737
85.22626947925892 -409.3067093519494 528.9782
141.4397025051294 142.97845670953393 529.8143
44.83353897242341 323.3374230712652 644.2554
135.99101581494324 -66.25904779881239 525.5093
-101.89192852680571 214.04675502702594 645.3887
118.83512336469721 324.7720290031284 644.1277
188.98955716914497 -363.5640702005476 530.5917
-233.59238942235243 372.58351361192763 641.7537
-12.906193803763017 14.152244788594544 528.349
165.74818883184344 39.524920287542045 529.5574
-102.19375813589431 53.546374909579754 645.7642
-253.9254709125962 73.42487949784845 531.5944
-49.64158537436742 -27.420277488417923 527.6734
-229.68291163258255 104.83636710606515 645.5279
-139.0349091363605 213.49331599846482 645.4188
-72.05545010243077 96.49886253848672 530.2904
137.62931094120722 58.29262045864016 645.7303
39.66990285995416 -281.20226828567684 530.4987
100.78624027513433 57.57113587576896 645.7914
-155.89645734336227 105.86090104468167 645.4707
156.09287326445337 111.16591893415898 645.6582
39.82029313046951 -110.27939128223807 526.4892
-9.571676539257169 215.60491530876607 645.3657
21.828539777896367 -281.5401963451877 530.4515
-16.538558942149393 -111.28303914237767 526.7488
-10.178741674404591 -196.22597173880786 527.6653
8.365378059213981 55.74628309812397 645.7577
218.62808538938407 -277.8553476696834 530.145
-26.572773265070282 108.07445965986699 645.5912
19.076792019768618 98.14162593148649 529.92
-143.49560984410346 373.62224942445755 641.8031
-34.18331683857832 -260.9680507555604 529.6702
112.66090069653 -237.77235242910683 528.048
-194.00521530455444 11.247759033925831 528.5394
-4.581420604372397 140.39224752224982 530.0719
-8.548564492841251 -345.6087185544893 530.7658
208.84659276460297 -321.5366212455556 529.1952
173.22116450488102 -322.30951374489814 529.2226
114.85422820190433 -108.91231967508793 526.0323
102.44518271414563 -323.5569280060008 529.5458
-123.68060521804728 267.43432342913 645.2381
-139.80328377417754 12.107441265136003 528.5743
152.93459561932832 272.9644676381722 645.476
-28.51322505727876 55.09069958049804 645.7463
55.372411992866546 98.73549057450145 529.8641
-44.195659329066984 -69.57895229104906 525.5361
-179.32459758082405 266.246978180483 645.0684
-84.00106639543083 53.896120318211615 645.7936
146.94965428533033 -279.19968006853014 530.444
-7.770314271678217 -68.8991151098162 525.4381
57.65210590837523 -280.8285062909126 530.5422
131.04002575203776 -237.40841063670814 527.9455
0.8085370369954035 -239.93582646921277 528.8841
-246.2077411345672 -31.43225179053843 528.4705
-257.7731987583684 135.44445212744176 530.2651
-150.52272782102227 137.60497584193945 530.1587
109.99530918011442 99.64130956400186 529.6228
-81.78687008691486 107.05931181274354 645.5299
37.15545221453067 98.42386011779308 529.9149
47.03615438879933 -409.7826794628054 528.8108
-66.36838312307373 321.38316394761205 644.3995
-248.3267306224443 10.50960048288107 528.6398
246.28974603209645 -191.5628556990996 527.8217
22.57756635325495 -26.006571205332875 527.2036
-194.64367640716955 51.73593815881759 645.7649
-10.847709910478443 322.3762509068474 644.273
-106.57374299573712 374.332647270523 642.2406
-139.91444266936742 -29.27097909897566 527.9072
90.93069692165591 58.18076917063445 530.1219
-176.18386555812322 11.459818028844893 528.5833
-211.41476300777867 104.82998498436064 645.5141
133.37533855135553 379.1420568730682 643.8481
-29.101143124047667 321.9729714943096 644.3578
167.02413053065538 -23.09276827611029 526.2325
-176.15474947961047 52.11862832121551 645.7149
99.95454399241135 324.429763934575 644.1677
4.101262154523283 376.6134261386469 642.908
225.38204008236062 -362.88517715688795 530.5096
93.78826422337443 -238.13628681655973 528.0211
150.07913374493364 16.747267299331725 528.8376
82.92530586209614 217.266163575463 645.328
-199.37795284762979 94.31288441736251 531.0683
191.32208146469202 -192.5379064232111 527.7817
170.43527142866515 -363.96017805021256 530.6948
-47.3590757799102 321.73421576153487 644.4116
-229.43831518793013 51.020423378795385 645.5789
-121.69573101995047 12.356030801311135 528.5655
59.03270432644058 -25.337058732286096 527.0192
23.822181615047157 -366.4735905062407 530.7622
-18.149904761696234 -240.29327245987952 529.1248
50.23277494718786 141.3478926429525 529.861
-46.76679221610539 215.00897281058133 645.4093
59.45900899230037 15.260701470077038 528.3792
-224.44594439433422 -72.87023479025811 526.4874
59.895197897800244 377.71471983753145 643.4983
296.796008596546 -234.58660985063761 527.8086
190.9202995862579 -321.99732135795057 529.2438
-18.247404229361564 55.9452710878104 530.6769
27.59481220121961 216.3233992010355 645.3311
-9.991796285612509 55.40657645184547 645.7783
-199.2698140667053 52.389801749028265 531.6512
41.006824694923125 -357.4093301743269 528.7916
64.0955426695291 -153.12770696450025 524.8685
77.34058734972496 -109.596210709773 526.2218
-63.7493073932128 107.41595689859241 645.5542
133.96906247769948 -364.5181137053296 530.8949
-214.67058507271577 158.64844732824713 645.4754
200.70944095938466 -278.2098883194849 530.2466
5.277680083876476 269.9840153865516 645.4245
-72.84296579903457 -112.32182703819126 527.0808
-67.77599769586232 -27.82931140065193 527.7388
-125.11214833369013 373.9019126612693 641.7255
209.62443219916895 -192.22069970797747 527.8052
152.55561865190975 -108.23944308329374 525.7699
113.90094564144965 16.28693764191121 528.5359
236.21855512924958 -277.532433883287 530.0449
-211.78710168751422 -30.737459648400545 528.3091
45.375364087638445 56.470106021501124 645.7624
139.10221972118597 -151.48668201640248 524.9819
29.351303708157502 108.99019461497664 645.6306
151.60503978759516 379.6284706136212 643.7714
-194.28007237892598 212.42580788210034 645.216
131.87864588969387 16.620979129336774 528.6666
76.70300870097708 -24.93433167319745 526.8402
19.213061792892404 -239.57566975150257 528.6898
-116.25139859225601 -70.93535317666829 525.9459
41.56983886437956 15.016896723769605 528.4426
-254.0108494142769 93.49167194403708 531.404
205.60768970265053 -236.064871057868 527.5806
-83.40257086150814 214.31213376671076 645.4365
-212.1983111554291 10.966612289659679 528.5237
108.92029060132336 58.57345447130501 530.044
-223.2841880954802 136.29799360223114 530.4563
-144.86498531280085 95.25528058223426 530.5551
-230.28986655105837 10.622120429761708 528.5155
-181.2752142198151 94.59854476619512 530.8876
-121.56568318326026 320.2879086052999 644.443
187.1111831314629 -236.40297602768987 527.6221
-32.658349628094584 375.9072605520487 642.7238
-29.82526077865623 -154.82410600967705 525.2353
-46.79915087111294 54.66124595142901 645.7992
-231.11623828229494 212.08570619951934 645.3481
-11.459274320863187 162.51379192247987 645.983
-108.90586438169703 54.14578495081514 531.0529
-67.21296815935057 -155.5354980127886 525.3848
-26.419046990573406 -69.2520898161456 525.4671
-31.481767211225815 -27.14979021809995 527.5722
7.495435080258176 -154.20915768295527 525.1123
120.16059201373719 -151.94123036414385 524.8588
-198.80055364535656 372.66472948435694 641.7549
-98.1963946147589 -70.62261787150055 525.9075
20.972255120286718 -110.62841235660017 526.5437
153.94342222507112 -66.13319420162588 525.5467
63.24981661105994 323.7428082888946 644.0921
47.47004753432702 109.32412327360362 645.6657
93.46585137804504 -280.14101585466415 530.5648
44.66793751483783 -394.06959704775363 528.6129
170.02400642691646 -66.10453459713608 525.7753
171.02198899968062 -107.93311889469624 525.81
-104.7145951037528 -156.24798751436174 525.5798
-158.0506893217098 -29.64066230971366 528.0213
264.63230786065105 -191.2609806302935 527.737
115.45117995725013 -364.93184504378587 530.8786
-80.29601263056975 -70.26855130586773 525.8241
261.90576458524447 -234.74743771273643 527.6804
300.88009511248674 -190.8858673153445 527.7268
177.2368072126992 -407.4374910108745 529.4167
23.259340420132503 14.635786372236907 528.4357
120.00604714965448 218.06987234205008 645.2732
72.7251632802654 57.82001082226634 530.2066
-232.47390559106134 265.160330128856 644.7801
280.42384119227063 -234.76805762015283 527.8706
13.79882390005514 -325.1446468802169 530.0027
-85.79447488090955 -28.188947084359825 527.7907
131.0137458977988 -23.84308387991041 526.4033
-65.63783470483031 54.26207531429827 645.7925
-85.32889033434913 12.941610780544579 528.4616
118.05298747611232 -193.82781101670116 527.7721
-48.77778210374527 -155.23280382622033 525.3548
272.23947120213415 -276.84515391662717 529.9238
-88.17352068098262 374.73481828998774 642.2666
54.23331082833465 57.410244022496045 530.3304
129.10235192859545 -279.5108114629984 530.5454
26.86195059271995 56.106296512298286 645.7341
-204.64008323277812 -114.66761784814298 527.0537
-198.6622136643855 -158.0242610182613 526.2696
-84.69490849704016 321.05655138753355 644.3574
66.80265449138824 -324.2625784892589 529.5833
260.8880389725091 -320.75354210846126 529.518
-196.0389912254177 158.9519415674731 645.5193
162.98597456351854 143.50052101258188 529.7388
49.41522535472177 -324.53396826796234 529.6513
224.5185914322501 -235.67775418423116 527.4881
-53.75048756133765 96.8249738086015 530.2805
56.708860280457884 -238.80758377723396 528.3556
-29.977767872274853 162.16951825283468 645.9441
-134.35269200999755 -71.2350726602599 526.0091
-29.66964759246912 -284.77436237968504 529.9428
-36.49407470296137 -240.21761149074882 529.1818
164.93514783168212 -278.8222784707323 530.3973
0.9761425383621827 97.79434518329799 529.9424
-251.70871393941343 49.6261782636866 531.8641
-160.8196731749922 266.61687651555985 645.1602
140.37575185880996 -408.2482815524563 529.1294
60.78483908600174 271.0608868226409 645.4272
9.111018028459512 216.00584897119552 645.3541
-54.51888137788046 -111.97383384872228 526.9373
-157.84145032486413 52.45212151389569 645.6748
99.01628479338251 164.5999344587326 646.0407
58.4952933343593 -109.93693544436246 526.3251
-22.769072773633525 140.00672454759479 529.9956
121.25359009183012 110.84948953147978 645.5653
-214.25419884978328 318.7626940757036 644.5548
149.0005470054457 -23.51982071530074 526.2409
10.164388228091411 108.70113449450582 645.614
-162.82392060186248 94.94121839758009 530.7314
18.140493793878704 56.761953407898545 530.463
-131.9991919377353 137.9340639738366 529.985
-69.17931460950058 375.16848084144294 642.2121
159.70528305810876 143.56058858707547 529.7322
73.90709282527678 99.11393083725125 529.8348
-158.075521472143 11.819024723954499 528.5567
-159.28305080800783 159.66371043305844 645.7537
-13.411678104661405 -26.808835825882852 527.4545
152.1634614962386 -364.18786068540066 530.7324
-168.55655461142305 137.2466304479167 530.1973
45.81870458438061 216.56030761823058 645.3139
81.67508070089389 324.04403062257916 644.1046
82.26894460443873 57.199942184612155 645.8194
-68.34485463274177 268.47978785727173 645.2933
-186.93909942905884 136.87554756365716 529.9112
-35.35599556576926 -111.6188690457493 526.822
79.1099480187986 271.44163961242884 645.4625
172.82378780911677 -192.88143825810403 527.8831
6.85908244701568 162.8624922297895 645.9595
5.143108522286639 14.45375206694007 528.396
-217.640890132403 94.0115697896108 531.1688
-51.26610270969104 375.5067048156634 642.1388
-103.43614733882714 12.595196162350476 528.4844
64.07983014115598 -67.6952095888555 525.3736
3.845440369215794 -281.8615146949887 530.3093
43.640231587109156 163.5536948516965 645.9767
45.068855954217725 -195.1253366265446 527.8852
32.21827021019999 141.03142548631877 529.7939
26.355981989530846 -153.84374278597534 524.9761
101.41011248691939 -152.40487717371434 524.8796
-217.29453825729433 372.2972422745079 641.6335
-100.71074106299784 106.76131907198578 645.4787
-13.198401368339546 269.6051832186058 645.4091
-108.41638990887441 95.83555480092764 530.402
-217.6004684357904 -158.39779757335782 526.4274
63.722357924096286 56.832410358823836 645.8084
25.336776127456687 163.22528588958085 645.9445
-103.68133204407059 160.7387062208727 645.8335
154.20692819321994 165.68080360721797 646.0363
207.06486484280322 -363.2816264005378 530.512
-163.32082712184638 53.01695504132658 531.3481
78.32219790574163 378.090213178657 643.5587
112.86601509375032 -24.201018002815545 526.5395
128.49991294194479 100.12064274773002 529.547
154.67674088384956 -193.21235858090222 527.8566
136.16976288170554 165.3282303744927 646.0169
-86.81547279411461 268.1316823884845 645.2583
-86.2038326554466 -155.8767676530406 525.4462
81.84629397001117 -67.39256439823657 525.4144
-31.68173176655546 269.24363457318395 645.3457
-197.71098779374734 265.87683416716754 645.0197
157.71987711975817 -151.34928431548178 525.1798
64.26616493845358 216.8763225628063 645.3488
174.31975562195294 -151.2635119864717 525.4205
-236.06878524296917 93.68886382784694 531.262
26.26705711253453 323.02987351454794 644.2653
99.86378114076797 -194.16664959024638 527.8175
116.13778212969191 272.2062246892601 645.4502
-230.98371093010064 158.2894797809422 645.3903
80.49910429259762 164.23228875175118 645.9828
-206.2457888260251 -72.57810483314097 526.5534
-180.41076416592114 372.9728056564927 642.1308
-122.37315282924101 160.44848058559 645.8431
-77.31314293364994 139.01045369822532 530.16
45.30667781224474 -153.4889380382374 524.885
-49.205412693787366 13.544526706449687 528.3735
146.58913187205326 100.23475999757648 529.641
149.71424309839495 -237.12661925610155 527.7569
42.430412065121345 270.72715485002846 645.455
36.19878933322616 57.06592018343508 530.388
92.00228551332839 99.41353408340365 529.7889
7.538690963760018 -367.0077236443758 530.8902
-21.360579720465466 -325.50912555120885 530.2726
-158.67265179683454 319.6817419603467 644.4364
-230.02872929233126 -31.117826784029603 528.2998
8.000065706321038 322.7555374391377 644.2889
77.6413834374398 15.599308812990785 528.3507
229.6854194314219 -383.42287038546056 529.9863
-177.16287296661176 319.3105246145278 644.5127
-14.031600361224264 376.26276365388185 642.8732
-120.52919515490066 213.71180737297982 645.3819
102.79110805608798 110.45665223710239 645.5927
-72.37718910723925 54.839140586555004 530.837
-120.69901286542881 53.181523446924984 645.7425
-28.12622511247173 215.30966191366315 645.3824
-152.09180916892365 -71.58268820866942 526.1235
-145.19371045543812 53.36564785055816 531.1683
243.41916271147784 -362.78908393904567 530.4499
65.73781177517958 109.6987322634086 645.6255
-170.3511179885827 -71.88295783475041 526.2319
122.03415291535202 -408.6364398524165 529.0549
61.98635782976635 163.87571686599404 645.9741
-157.21960332849994 213.02500365115702 645.3618
31.506176037248224 -324.9075036216527 529.8048
-177.6417195966933 159.2833651062101 645.6574
-95.4735933712218 138.62022336013615 530.0999
163.01362214889377 59.63680511992425 529.7653
-48.37909106106963 161.8227534359321 645.8365
-85.67990530910902 161.0927433585748 645.7772
168.5353886859957 -236.73354914598167 527.6239
-3.852226478746161 -325.4734177989885 530.1982
-123.62434777722228 -156.63990539778024 525.7255
-126.70853106444702 95.55321298632771 530.4534
-142.48208367079496 267.0322943851352 645.2103
-239.80860464228317 -117.4927564933896 526.8968
9.950855485978536 -68.60193786490709 525.3996
-194.13094756985083 -30.370631765574217 528.251
-62.43022598919924 -69.9252531286329 525.7467
-145.9995295141125 -176.8382081342861 527.644
-181.227917760727 52.66755217779428 531.5065
96.17077818582766 -109.24899891670793 526.1373
-105.31123978539836 267.7735718442127 645.261
-40.916252547642216 139.67274142522365 529.9119
100.18900153320283 -67.05126678571105 525.4228
84.52553441247437 110.05503475666046 645.5747
43.03249089117162 -375.5656775729731 528.7199
-193.115884689847 105.16511517204344 645.4749
-140.23534649203066 319.9961216170341 644.4558
2.3124582758173347 -110.99060384463519 526.6891
-54.65989338827785 55.237450858578086 530.756
-31.203949319780804 13.812369673512876 528.3792
-248.14638943271711 -10.15104539040476 528.6723
169.7109093714971 -43.34274203516543 525.9007
-185.79024620330893 -114.3361063124612 527.1206
103.46098024328239 -408.9605281446129 529.0427
123.37584101362154 142.6919293049723 529.7392
153.2987643389497 325.2232340583578 643.8425
162.32157061318867 122.70004483684897 529.7631
115.14664574805647 378.86152817402035 643.8945
60.42760893027298 -365.9705087551847 530.8714
-129.5646154510323 -113.30956491082907 527.2903
224.89673773222603 -321.0998919773847 529.2138
-127.06869631470181 53.8135576043278 531.0765
254.11212252581026 -277.20091080479324 530.0
117.98082960466854 -66.69254716299474 525.4648
182.57391921360977 -278.5046663507819 530.3483
-66.83500077296048 161.45840308628976 645.7625
-91.6911599158775 -112.63823810778558 527.1609
87.00010423129424 141.9756189873442 529.8347
242.2466575356666 -320.84252471569926 529.3197
-217.72078558173962 51.97687212843448 531.7669
96.03227259172127 15.894572095945477 528.4157
-118.7801682758145 106.46087918523699 645.4456
104.94530222867616 142.378821676597 529.7602
-103.80019089428242 -28.57408061530441 527.9226
-223.52143632434309 -114.98698064498603 526.978
75.13203431351576 -238.4563564704731 528.1231
68.51417070848402 141.68798849079758 529.9353
162.65296602167655 100.50137458834797 529.6876
96.72910524520557 378.3717893930152 643.7937
81.53557926462963 -194.5412375284359 527.8811
41.95056051260326 -366.3680294388905 530.793
-67.53123428474646 13.20703369192779 528.4033
166.0193798718974 16.855193097144365 529.1956
-215.9831311358139 265.51794637925923 644.9297
111.10378401458729 -279.83429382555187 530.5932
23.00672587181907 376.96114887855947 642.979
